@room 1
@title The Bridge
@conn 0 0 0 2
@spawn 44 104
@border GRN
@belt 1

@guardiansprites
; entity 20: page 188 sprite 0 f=0..7
0,0,0,0,0,0,0,0,0,0,111,64,187,128,117,64,26,128,5,0,0,128,0,0,0,0,0,0,0,0,0,0
0,0,0,0,0,160,1,64,2,128,1,80,54,160,93,112,55,224,3,192,0,0,0,0,0,0,0,0,0,0,0,0
0,0,0,0,0,0,0,0,0,0,0,244,25,184,47,84,25,168,0,80,0,8,0,0,0,0,0,0,0,0,0,0
0,0,0,0,0,0,0,0,0,0,0,61,3,126,5,215,3,106,0,20,0,40,0,20,0,10,0,0,0,0,0,0
; entity 14: page 185 sprite 4 f=8..11
3,192,6,96,13,240,26,216,53,92,32,4,127,254,215,117,178,39,215,117,127,254,21,120,37,164,2,64,17,136,0,0
3,192,6,96,13,240,26,184,53,92,32,4,127,254,174,235,228,77,174,235,127,254,21,120,10,80,1,128,4,32,1,0
3,192,6,96,13,240,26,216,53,92,32,4,127,254,237,219,168,147,237,219,127,254,21,120,37,164,2,64,17,136,4,32
3,192,6,96,13,240,26,232,53,92,32,4,127,254,219,183,201,21,219,183,127,254,21,120,10,66,65,144,4,0,17,68




@tilemap
                        
                        
                        
                        
                        
                        
                        
                        
              +         
                        
                        
                        
       /WW   WWW        
      /WWW   WWWW       
     /WWWW***WWWWW      
FFFFFFWWWW>>>WWWWWFFFFF

@floorcolor GRN
@wallcolor YEL
@nastycolor WHT
@rampcolor WHT
@beltcolor GRN
@itemcolor BLK

@guardians
y=80 x=4(0..7) v=-1 f=0..3 RED
y=80 x=16(12..23) v=1 f=0..3 PUR
x=10 y=24(0..96) v=6 f=4..7 GRN

@floorudg 255,255,253,187,214,114,96,64
@walludg 34,119,34,136,34,119,34,136
@nastyudg 3,132,72,48,3,132,72,48 ; invert
@rampudg 3,3,12,13,50,55,194,200
@beltudg 1,64,4,70,79,121,240,249
