@room 46
@title Tree Root
@conn 3 47 0 45
@spawn 44 104
@border BLU
@belt -1

@guardiansprites
; entity 30: page 173 sprite 4 f=0..3
0,0,0,0,0,0,127,254,64,2,255,255,222,123,192,3,192,3,222,123,255,255,64,2,127,254,0,0,0,0,0,0
10,0,29,0,54,128,103,64,195,160,113,208,184,104,92,52,44,58,22,29,11,142,5,195,2,230,1,108,0,184,0,80
7,224,31,248,20,40,22,104,22,104,22,104,22,104,20,40,20,40,22,104,22,104,22,104,22,104,20,40,31,248,7,224
0,80,0,184,1,108,2,230,5,195,11,142,22,29,44,58,92,52,184,104,113,208,195,160,103,64,54,128,29,0,10,0
; entity 40: page 186 sprite 0 f=4..4
7,224,15,240,223,251,63,252,31,248,31,248,49,140,106,86,177,141,158,249,13,240,29,184,54,108,89,154,140,49,7,224
; entity 35: page 184 sprite 0 f=5..12
0,0,6,0,8,0,56,0,80,0,240,0,248,0,60,0,62,0,126,0,159,0,31,0,31,192,14,192,24,0,96,0
0,0,0,0,15,0,20,128,60,0,14,0,63,0,15,128,31,128,47,192,15,192,7,240,3,176,1,0,2,0,4,0
0,0,0,96,0,128,3,128,13,0,7,0,3,128,7,192,11,224,7,224,9,240,1,240,1,252,0,236,1,128,6,0
0,0,0,0,0,4,0,8,0,112,0,160,1,224,0,112,1,248,0,120,1,252,0,124,0,124,0,127,0,59,0,240
4,0,4,0,12,0,12,0,22,0,30,0,62,0,108,0,158,0,63,0,63,0,63,0,127,0,86,0,28,0,6,0
4,128,8,64,19,32,19,32,23,160,19,32,31,224,27,96,39,144,15,192,15,192,15,192,15,192,29,128,3,128,1,0
0,128,0,128,0,192,0,192,1,160,1,224,1,240,0,216,1,228,3,240,3,240,3,240,3,248,1,168,0,224,1,128
0,72,0,132,1,50,1,2,1,122,1,122,1,254,1,182,2,121,0,252,0,252,0,252,0,252,0,110,0,112,0,32
; entity 31: page 183 sprite 2 f=13..14
3,0,4,128,5,192,11,160,21,64,23,96,23,96,31,224,19,144,45,104,47,120,47,120,47,120,47,120,175,121,127,254
0,192,1,32,1,112,2,232,5,80,5,216,5,216,7,248,9,200,22,180,23,188,23,188,23,188,23,188,151,189,127,254

@tilemap
WWWW  WWWWWWWWWWWWWWWWWW
WWWW  WWWWWWWWWWWWWWWWWW
WWWW  WWWWWWWWWWWWWWWWWW
WWWW  WWWW+ WWWWWWWWWWWW
WWWW  WWWW  WWWW      WW
WWWW  WWWW  WWWW      WW
WWWW  WWWW    WW      WW
WWWW  WWWW    WW      WW
          FF  WW      WW
                     /WW
<<<<<<<<<<<<<       /WWW
              FFF  /WWWW
                  /WWWWW
                 /WWWWWW
      *    *   */WWWWWWW
WWWWWWWWWWWWWWWWWWWWWWWW

@tilecolors WHT YEL RED RED PUR GRN
@itemcolor BLU

@guardians
x=4 y=32(0..64) v=-2 f=0..3 CYN
x=13 y=56(48..96) v=2 f=4..4 CYN
y=72 x=14(14..16) v=1 f=5..12 RED
x=17 y=72(32..80) v=2 f=13..14 PUR

@tileudg
0: 0,0,0,0,0,0,0,0
1: 255,255,0,0,0,0,0,0
2: 102,153,36,36,119,136,141,114
3: 28,42,95,125,190,254,210,124
4: 3,2,13,2,49,8,213,34 ; invert
5: 238,170,56,255,255,16,16,56
6: 2,29,34,94,190,124,56,16
