@room 2
@title Under the MegaTree
@conn 0 1 0 3
@spawn 44 104
@border YEL
@belt 0

@guardiansprites
; entity 26: page 182 sprite 0 f=9..16
0,0,0,0,0,0,0,0,0,0,19,64,23,128,63,192,85,64,250,160,253,64,31,160,8,128,5,0,0,0,0,0
0,0,0,0,0,0,0,0,0,0,8,208,5,224,15,240,22,176,61,80,62,168,7,80,2,168,2,84,0,40,0,20
0,0,0,0,0,0,0,0,0,0,2,52,1,120,3,252,5,84,15,170,15,212,1,250,0,136,1,4,0,0,0,0
0,3,0,10,0,21,0,10,0,21,0,171,0,86,0,235,1,85,3,235,3,255,0,126,0,34,0,34,0,0,0,0
; entity 42: page 186 sprite 0 f=8..8
7,224,15,240,223,251,63,252,31,248,31,248,49,140,106,86,177,141,158,249,13,240,29,184,54,108,89,154,140,49,7,224

@tilemap
      ****** *****  +   
WWWWWWWWW****** ***    
        ****F  FF*     
                       
WWWW                   
      FF     F      F   
          F      F      
WWWWWW               F  
        FF  F   F      
                       
                       
                       
                       
                       
                       
FFFFFFFFFFFFFFFFFFFFFFFF

@floorcolor GRN
@wallcolor RED
@nastycolor YEL
@rampcolor WHT
@beltcolor WHT
@itemcolor BLU

@guardians
y=104 x=16(0..22) v=-1 f=0..3 CYN
x=14 y=72(48..87) v=-3 f=4..4 PUR
y=24 x=22(5..22) v=-1 f=0..3 RED

@floorudg 215,179,117,109,92,24,8,4
@walludg 189,170,93,162,243,10,6,1
@nastyudg 73,106,59,58,252,30,107,232
@rampudg 0,0,0,255,0,0,0,0
@itemudg 129,66,36,24,60,24,60,195
