@room 57
@title Above W Bedroom
@conn 0 56 55 0
@spawn 44 104
@border RED
@belt 0

@guardiansprites
; entity 7: page 191 sprite 6 f=0..3
0,0,0,0,0,0,0,0,0,0,0,0,0,0,0,0,0,0,0,0,0,0,0,0,0,0,0,0,0,0,0,0
0,0,0,0,0,0,0,0,0,0,0,0,0,0,0,0,0,0,0,0,0,0,0,0,0,0,0,0,0,0,0,0
0,0,0,0,0,0,0,0,0,0,0,0,0,0,0,0,0,0,0,0,0,0,0,0,0,0,0,0,0,0,0,0
0,0,0,0,0,0,0,0,0,0,0,0,0,0,0,0,0,0,0,0,0,0,0,0,0,0,0,0,0,0,0,0
; entity 51: page 183 sprite 2 f=4..5
3,0,4,128,5,192,11,160,21,64,23,96,23,96,31,224,19,144,45,104,47,120,47,120,47,120,47,120,175,121,127,254
0,192,1,32,1,112,2,232,5,80,5,216,5,216,7,248,9,200,22,180,23,188,23,188,23,188,23,188,151,189,127,254

@tilemap
                        
                        
                        
                        
                        
                        
                    /FFF
                   /*F  
                  /* F  
                 /*+ F  
                /*   F  
               /FFFFFFFF
              /*        
      F      /*         
            WW          
     F      WW  FFFFFFF 

@tilecolors WHT GRN PUR YEL WHT WHT
@itemcolor BLU

@guardians
x=7 y=50(16..80) v=-6 f=0..3 CYN
x=10 y=24(0..80) v=1 f=4..5 RED

@tileudg
0: 0,0,0,0,0,0,0,0
1: 247,170,85,239,0,0,0,0
2: 170,85,170,85,170,85,170,85
3: 48,96,192,128,0,0,0,0
4: 1,0,6,9,19,6,108,152
5: 0,0,0,0,0,0,0,0 ; invert
6: 8,16,32,33,18,172,64,32
