@room 38
@title Priests' Hole
@conn 60 0 32 39
@spawn 44 104
@border RED
@belt 0

@guardiansprites
; entity 16: page 186 sprite 4 f=0..0
21,3,42,190,21,94,74,168,53,92,138,174,109,92,153,249,110,191,221,99,46,73,89,129,4,130,43,198,18,252,12,253
; entity 17: page 186 sprite 5 f=1..1
64,168,253,84,122,168,21,82,58,172,117,81,58,182,159,153,253,118,198,187,146,116,129,154,65,32,99,212,63,72,191,48
; entity 18: page 186 sprite 6 f=2..3
253,191,191,239,234,215,170,69,104,212,72,132,64,4,64,1,80,0,18,10,64,12,42,34,20,168,32,132,20,40,5,32
253,191,255,251,172,215,170,209,42,84,130,68,66,1,8,4,74,16,34,130,8,168,20,4,10,144,1,64,0,0,0,0
; entity 37: page 188 sprite 0 f=4..11
0,0,0,0,0,0,0,0,0,0,111,64,187,128,117,64,26,128,5,0,0,128,0,0,0,0,0,0,0,0,0,0
0,0,0,0,0,160,1,64,2,128,1,80,54,160,93,112,55,224,3,192,0,0,0,0,0,0,0,0,0,0,0,0
0,0,0,0,0,0,0,0,0,0,0,244,25,184,47,84,25,168,0,80,0,8,0,0,0,0,0,0,0,0,0,0
0,0,0,0,0,0,0,0,0,0,0,61,3,126,5,215,3,106,0,20,0,40,0,20,0,10,0,0,0,0,0,0
0,0,0,0,0,0,0,0,0,0,188,0,126,192,235,160,86,192,40,0,20,0,40,0,80,0,0,0,0,0,0,0
0,0,0,0,0,0,0,0,0,0,47,0,29,152,42,244,21,152,10,0,16,0,0,0,0,0,0,0,0,0,0,0
0,0,0,0,5,0,2,128,1,64,10,128,5,108,14,186,7,236,3,192,0,0,0,0,0,0,0,0,0,0,0,0
0,0,0,0,0,0,0,0,0,0,2,246,1,221,2,174,1,88,0,160,1,0,0,0,0,0,0,0,0,0,0,0

@tilemap
WW        WW            
WW        WW            
WW       +WW            
          WW            
          WW            
WWFF    FFWW            
WW        WW            
WW F      WW            
WW      F WW            
WW        WW            
WW F                    
WW                      
WW      FFWW            
WW        WW            
WW  F     WW            
WW     F  WW            

@tilecolors WHT YEL RED WHT WHT WHT
@itemcolor YEL

@guardians
x=4 y=48(0..88) v=1 f=0..0 GRN
x=6 y=48(0..88) v=1 f=1..1 GRN
x=5 y=64(16..104) v=1 f=2..3 GRN
y=80 x=14(8..16) v=-1 f=4..11 RED

@tileudg
0: 0,0,0,0,0,0,0,0
1: 85,85,93,215,112,0,0,0
2: 34,17,68,136,34,17,68,136
3: 0,0,0,0,0,0,0,0 ; invert
4: 0,0,0,0,0,0,0,0 ; invert
5: 0,0,0,0,0,0,0,0 ; invert
6: 191,191,187,177,187,187,191,191
