@room 21
@title Ballroom West
@conn 255 20 255 22
@spawn 8 104
@border BLU
@belt 1

@guardiansprites
; monk
0,0,6,0,8,0,56,0,80,0,240,0,248,0,60,0
62,0,126,0,159,0,31,0,31,192,14,192,24,0,96,0
0,0,0,0,15,0,20,128,60,0,14,0,63,0,15,128
31,128,47,192,15,192,7,240,3,176,1,0,2,0,4,0
0,0,0,96,0,128,3,128,13,0,7,0,3,128,7,192
11,224,7,224,9,240,1,240,1,252,0,236,1,128,6,0
0,0,0,0,0,4,0,8,0,112,0,160,1,224,0,112
1,248,0,120,1,252,0,124,0,124,0,127,0,59,0,240
; pinhead
7,224,15,240,223,251,63,252,31,248,31,248,49,140,106,86
177,141,158,249,13,240,29,184,54,108,89,154,140,49,7,224
7,224,15,240,31,248,255,255,31,248,31,248,49,140,42,84
113,142,158,249,141,241,29,184,50,76,88,26,76,50,7,224
7,224,15,240,31,248,223,251,63,252,31,248,49,140,42,84
48,140,93,250,141,177,154,89,18,72,24,24,44,52,199,227
7,224,143,241,95,250,63,252,31,248,17,136,46,116,42,84
113,142,94,250,141,241,29,184,18,72,120,30,140,49,7,224

@tilemap
                      WW
                      WW
                      WW
                        
                        
FFFFFFFFFFFFFFFFFFFFFFFF
      WW                
      WW                
      WW          FFFFFF
      WW                
\     WW      +         
 \    WW                
  \                     
   \       >>>>>>>>>>   
FFFFFFFFFFFFFFFFFFFFFFFF
WWWWWWWWWWWWWWWWWWWWWWWW

@tilecolors WHT YEL GRN PUR WHT YEL
@itemcolor GRN

@guardians
y=88 x=18(12..19) v=-1 f=0..3 CYN
x=9 y=56(48..96) v=2 f=4..7 CYN
x=4 y=72(48..87) v=-3 f=4..7 PUR

@tileudg
0: 0,0,0,0,0,0,0,0
1: 170,168,173,175,32,170,85,85
2: 17,34,136,17,68,136,34,68 ; invert
3: 0,0,0,0,0,0,0,0
4: 192,192,48,176,12,12,3,11
5: 255,255,255,170,85,24,24,24
6: 4,4,174,174,162,66,66,238
