@room 4
@title The Drive
@conn 6 3 45 5
@spawn 44 104
@border PUR
@belt 1

@guardiansprites
; entity 21: page 188 sprite 0 f=0..7
0,0,0,0,0,0,0,0,0,0,111,64,187,128,117,64,26,128,5,0,0,128,0,0,0,0,0,0,0,0,0,0
0,0,0,0,0,160,1,64,2,128,1,80,54,160,93,112,55,224,3,192,0,0,0,0,0,0,0,0,0,0,0,0
0,0,0,0,0,0,0,0,0,0,0,244,25,184,47,84,25,168,0,80,0,8,0,0,0,0,0,0,0,0,0,0
0,0,0,0,0,0,0,0,0,0,0,61,3,126,5,215,3,106,0,20,0,40,0,20,0,10,0,0,0,0,0,0
0,0,0,0,0,0,0,0,0,0,188,0,126,192,235,160,86,192,40,0,20,0,40,0,80,0,0,0,0,0,0,0
0,0,0,0,0,0,0,0,0,0,47,0,29,152,42,244,21,152,10,0,16,0,0,0,0,0,0,0,0,0,0,0
0,0,0,0,5,0,2,128,1,64,10,128,5,108,14,186,7,236,3,192,0,0,0,0,0,0,0,0,0,0,0,0
0,0,0,0,0,0,0,0,0,0,2,246,1,221,2,174,1,88,0,160,1,0,0,0,0,0,0,0,0,0,0,0
; entity 36: page 175 sprite 4 f=8..11
12,0,22,0,47,0,47,0,79,128,95,128,95,128,159,192,191,192,189,192,186,192,189,64,90,128,93,128,63,0,12,0
0,0,0,0,0,0,0,112,3,152,12,120,51,248,71,240,95,240,191,240,190,160,189,96,90,192,93,64,63,128,14,0
0,0,0,0,0,0,0,0,3,192,28,120,33,252,79,254,95,254,159,255,191,239,95,86,95,174,35,84,31,248,3,192
0,0,0,0,0,0,14,0,23,192,23,240,19,252,11,254,11,254,11,215,5,235,5,215,2,234,2,126,1,140,0,112

@tilemap
                        
                        
                        
                        
                        
                        
                        
                        
FF                      
WW                      
WWW                     
  WW                    
  WWW                   
>>WWW                   
WWWWW\                  
WWWWWW\FFFFF+FWWFFFFFFFF

@tilecolors WHT YEL CYN GRN CYN RED
@itemcolor BLK

@guardians
y=80 x=12(10..21) v=1 f=0..7 PUR
y=88 x=13(12..21) v=-1 f=0..7 GRN
y=64 x=5(3..21) v=-1 f=0..7 YEL
y=40 x=12(0..6) v=-1 f=0..7 CYN
y=104 x=11(6..22) v=1 f=8..11 CYN

@tileudg
0: 0,0,0,0,0,0,0,0
1: 170,85,170,255,255,85,170,85
2: 112,7,119,119,0,59,11,125
3: 20,42,20,9,106,156,8,8 ; invert
4: 192,64,112,112,12,116,119,5
5: 123,0,237,0,170,85,170,85 ; invert
6: 0,0,0,0,0,0,0,0
