@room 14
@title Rescue Esmerelda
@conn 20 44 39 15
@spawn 44 104
@border BLU
@belt 1

@guardiansprites
; entity 4: page 191 sprite 6 f=0..1
0,4,7,6,47,164,95,212,48,100,66,20,50,96,31,196,8,130,7,44,21,80,42,164,85,68,170,132,69,0,12,192
0,0,7,0,47,164,80,86,34,36,82,84,63,228,23,68,8,128,7,4,21,82,42,172,85,64,170,132,69,4,25,132
; entity 13: page 188 sprite 0 f=2..9
0,0,0,0,0,0,0,0,0,0,111,64,187,128,117,64,26,128,5,0,0,128,0,0,0,0,0,0,0,0,0,0
0,0,0,0,0,160,1,64,2,128,1,80,54,160,93,112,55,224,3,192,0,0,0,0,0,0,0,0,0,0,0,0
0,0,0,0,0,0,0,0,0,0,0,244,25,184,47,84,25,168,0,80,0,8,0,0,0,0,0,0,0,0,0,0
0,0,0,0,0,0,0,0,0,0,0,61,3,126,5,215,3,106,0,20,0,40,0,20,0,10,0,0,0,0,0,0
0,0,0,0,0,0,0,0,0,0,188,0,126,192,235,160,86,192,40,0,20,0,40,0,80,0,0,0,0,0,0,0
0,0,0,0,0,0,0,0,0,0,47,0,29,152,42,244,21,152,10,0,16,0,0,0,0,0,0,0,0,0,0,0
0,0,0,0,5,0,2,128,1,64,10,128,5,108,14,186,7,236,3,192,0,0,0,0,0,0,0,0,0,0,0,0
0,0,0,0,0,0,0,0,0,0,2,246,1,221,2,174,1,88,0,160,1,0,0,0,0,0,0,0,0,0,0,0
; entity 15: page 176 sprite 4 f=10..11
7,192,8,32,10,160,8,32,11,160,16,16,37,72,10,160,61,120,70,196,7,192,2,128,5,64,15,224,20,128,8,192
7,192,8,32,10,160,8,32,57,56,0,0,5,64,10,160,29,112,22,208,23,208,10,160,5,64,15,224,2,80,6,32

@tilemap
                     W W
                     W W
                     + W
                        
                   >>>> 
                     W W
                       W
                       W
                      FW
WWWW WWWWW WWWWW  WWWWWW
WWWW WWWWW WWWWW       W
WWWW WWWWW WWWWW       W
WWWW WWWWW WWWWWW      W
WWWW WWWWW WWWWWWW      
WWWW WWWWW WWWWWWWW   F 
WWWWWWWWWWWWWWWWWWW  F W

@floorcolor WHT
@wallcolor GRN
@nastycolor CYN
@rampcolor WHT
@beltcolor YEL
@itemcolor BLU

@guardians
x=4 y=48(48..96) v=4 f=0..1 YEL
x=10 y=64(40..104) v=1 f=0..1 GRN
y=32 x=5(0..7) v=-1 f=2..9 GRN
x=19 y=8(0..16) v=2 f=10..11 WHT

@floorudg 3,3,12,12,49,50,196,200
@walludg 238,0,187,0,238,0,187,0
@nastyudg 209,226,196,200,209,226,196,200 ; invert
@beltudg 241,170,248,170,0,238,0,187
@itemudg 255,73,73,73,73,73,73,255
