@room 15
@title I'm sure I've seen this before..
@conn 0 14 0 16
@spawn 44 104
@border PUR
@belt 0

@guardiansprites
; entity 4: page 191 sprite 4 f=0..1
2,4,5,14,10,132,21,196,23,68,43,228,47,224,18,68,8,130,7,44,21,80,42,164,85,68,170,132,69,0,29,192
2,0,5,0,10,132,21,206,23,68,43,228,47,228,18,68,8,128,7,4,21,82,42,172,85,64,170,132,69,4,29,196
; entity 13: page 188 sprite 0 f=2..9
0,0,0,0,0,0,0,0,0,0,111,64,187,128,117,64,26,128,5,0,0,128,0,0,0,0,0,0,0,0,0,0
0,0,0,0,0,160,1,64,2,128,1,80,54,160,93,112,55,224,3,192,0,0,0,0,0,0,0,0,0,0,0,0
0,0,0,0,0,0,0,0,0,0,0,244,25,184,47,84,25,168,0,80,0,8,0,0,0,0,0,0,0,0,0,0
0,0,0,0,0,0,0,0,0,0,0,61,3,126,5,215,3,106,0,20,0,40,0,20,0,10,0,0,0,0,0,0
0,0,0,0,0,0,0,0,0,0,188,0,126,192,235,160,86,192,40,0,20,0,40,0,80,0,0,0,0,0,0,0
0,0,0,0,0,0,0,0,0,0,47,0,29,152,42,244,21,152,10,0,16,0,0,0,0,0,0,0,0,0,0,0
0,0,0,0,5,0,2,128,1,64,10,128,5,108,14,186,7,236,3,192,0,0,0,0,0,0,0,0,0,0,0,0
0,0,0,0,0,0,0,0,0,0,2,246,1,221,2,174,1,88,0,160,1,0,0,0,0,0,0,0,0,0,0,0

@tilemap
                        
                        
                        
                        
                       +
                        
                        
                        
                        
WWWW WWW WWWWW WWW WWWWW
WWWW WWW WWWWW WWW WWWWW
WWWW WWW WWWWW WWW WWWWW
WWWW WWW WWWWW WWW WWWWW
WWWW WWW WWWWW WWW WWWWW
WWWW WWW WWWWW WWW WWWWW
WWWWWWWWWWWWWWWWWWWWWWWW

@tilecolors WHT GRN PUR GRN GRN WHT
@itemcolor RED

@guardians
x=4 y=48(48..96) v=4 f=0..1 YEL
x=8 y=80(44..104) v=2 f=0..1 RED
x=14 y=32(32..96) v=6 f=0..1 CYN
x=18 y=64(40..104) v=1 f=0..1 GRN
y=32 x=5(0..7) v=-1 f=2..9 GRN

@tileudg
0: 0,0,0,0,0,0,0,0
1: 128,64,32,80,72,84,82,85
2: 102,102,102,0,102,102,102,102 ; invert
3: 81,85,84,85,21,85,69,85 ; invert
4: 0,0,0,0,0,0,0,0
5: 0,0,0,0,0,0,0,0 ; invert
6: 24,36,24,44,94,94,231,102
