@room 27
@title The Chapel
@conn 255 255 21 28
@spawn 8 104
@border GRN
@belt 0

@guardiansprites
; big head 0-2
21,3,42,190,21,94,74,168,53,92,138,174,109,92,153,249
110,191,221,99,46,73,89,129,4,130,43,198,18,252,12,253
64,168,253,84,122,168,21,82,58,172,117,81,58,182,159,153
253,118,198,187,146,116,129,154,65,32,99,212,63,72,191,48
253,191,191,239,234,215,170,69,104,212,72,132,64,4,64,1
80,0,18,10,64,12,42,34,20,168,32,132,20,40,5,32
; scroll
32,4,174,236,187,125,224,7,189,181,160,4,59,124,0,0	
29,176,32,4,59,124,162,68,253,183,160,4,59,220,32,4
; monk 4-7
14,0,21,0,42,128,23,0,255,0,22,0,12,0,31,128
63,128,127,0,42,0,127,0,111,0,127,0,24,0,56,0
3,128,5,64,10,160,5,192,127,192,5,128,3,0,7,224
15,224,31,192,10,128,31,192,27,192,31,192,24,128,56,0
0,224,1,80,2,168,1,112,15,240,1,96,0,192,1,248
3,248,7,240,2,160,7,240,6,240,7,240,6,48,0,96
0,56,0,84,0,170,0,92,1,252,0,88,0,48,0,126
0,254,1,252,0,168,1,252,1,188,1,252,1,24,0,56

@tilemap
                       W
                       W
                       W
                       W
                       W
                      +W
                      FW
                /W    FW
               /WW    FW
              /WWW    FW
             /WWWW    FW
            /WWWWW    FW
           /          FW
          /           FW
WWWWWWWWWWWWWWWWWWW  WWW
WWWWWWWWWWWWWWWWWWW  WWW

@floorcolor BLU
@wallcolor RED
@nastycolor WHT
@rampcolor YEL
@beltcolor BLK
@itemcolor CYN

@guardians
x=18 y=48(0..88) v=1 f=0..0 GRN
x=20 y=48(0..88) v=1 f=1..1 GRN
x=19 y=64(16..104) v=1 f=2..2 GRN
y=96 x=8(0..9) v=-1 f=4..7 PUR
x=6 y=64(56..80) v=-1 f=3..3 GRN

@floorudg 73,73,73,73,73,73,73,73 ; invert
@walludg 168,37,0,37,168,64,221,64 ; invert
@rampudg 3,0,12,0,48,0,192,0
@itemudg 16,48,56,108,198,198,108,16
