@room 16
@title A Quirkafleeg
@conn 50 15 0 17
@spawn 44 104
@border RED
@belt 0
@rope

@guardiansprites
; entity 13: page 188 sprite 0 f=0..7
0,0,0,0,0,0,0,0,0,0,111,64,187,128,117,64,26,128,5,0,0,128,0,0,0,0,0,0,0,0,0,0
0,0,0,0,0,160,1,64,2,128,1,80,54,160,93,112,55,224,3,192,0,0,0,0,0,0,0,0,0,0,0,0
0,0,0,0,0,0,0,0,0,0,0,244,25,184,47,84,25,168,0,80,0,8,0,0,0,0,0,0,0,0,0,0
0,0,0,0,0,0,0,0,0,0,0,61,3,126,5,215,3,106,0,20,0,40,0,20,0,10,0,0,0,0,0,0
0,0,0,0,0,0,0,0,0,0,188,0,126,192,235,160,86,192,40,0,20,0,40,0,80,0,0,0,0,0,0,0
0,0,0,0,0,0,0,0,0,0,47,0,29,152,42,244,21,152,10,0,16,0,0,0,0,0,0,0,0,0,0,0
0,0,0,0,5,0,2,128,1,64,10,128,5,108,14,186,7,236,3,192,0,0,0,0,0,0,0,0,0,0,0,0
0,0,0,0,0,0,0,0,0,0,2,246,1,221,2,174,1,88,0,160,1,0,0,0,0,0,0,0,0,0,0,0

@tilemap
                        
                        
                        
                        
                       +
                        
                        
                        
                        
WWWW\              WWWWW
WWWWF              WWWWW
WWWWF              WWWWW
WWWWF              WWWWW
WWWWF              WWWWW
WWWWF              WWWWW
WWWWF**************WWWWW

@tilecolors WHT BLK CYN CYN WHT WHT
@itemcolor PUR

@guardians
y=32 x=5(0..5) v=-1 f=0..7 GRN

@tileudg
0: 0,0,0,0,0,0,0,0
1: 51,187,221,204,85,153,221,238
2: 39,246,0,220,209,4,119,128
3: 64,228,78,68,68,68,238,255 ; invert
4: 128,64,32,48,168,100,34,17
5: 0,0,0,0,0,0,0,0 ; invert
6: 24,36,24,44,94,94,231,102
